5109 10005 11222
1 11459 11911 13462
1 11459 13462
1 275 1889 2521 3190 3225 3310 4147 4470 4564 5168 5192 5258 5382 5491 5598 5880 6128 6407 6414 6493 7071 7311 7367 8326 8850 8961 8978 9450 9559 9903 9953 10014 10122 10403 10449 10471 10491 10505 10506 10584 10586 10613 10619 10742 10760 11224 11341 11459 11462 11811 11843 11911 12340 12355 12763 12813 13271 13462 14418
1
11459 13462
275 1889 2521 3190 3225 3310 4147 4470 4564 5168 5192 5258 5382 5491 5598 5880 6128 6407 6414 6493 7071 7311 7367 8326 8850 8961 8978 9450 9559 9903 9953 10014 10122 10403 10449 10471 10491 10505 10506 10584 10586 10613 10619 10742 10760 11224 11341 11462 11811 11843 12340 12355 12763 12813 13271 14418
18 153 256 748 868 1153 1421 1724 1792 2491 2512 2922 3149 3222 3931 4005 4049 4081 4290 5190 5338 5827 5888 6083 7111 10080 10445 10553 10555 10564 10565 11007 11083 11746 12050 12195 12281 12337 13053 13092 13114

18 748 1153 1792 2922 3149 4005 4290 5888 10080 10553 10564 10565 11083 11746 12050 12337 13053

516 742 1030 1361 1582 1674 2195 2367 2390 2617 2727 2741 2749 2913 2922 2954 3847 3855 3981 4490 4603 5002 5134 5214 5471 5702 5800 5873 6269 6326 6657 6744 6882 6890 7104 7124 7326 7356 7471 7545 8004 8179 8638 8903 9069 9203 9470 9521 10100 10537 11330 11843 12160 12372 12424 13080
1 144 227 246 273 303 342 518 525 922 971 1197 1312 1388 1553 1579 1611 1616 1682 1942 1949 1967 2010 2061 2115 2118 2228 2251 2307 2375 2383 2448 2467 2511 2521 2554 2620 2697 2725 2775 2965 2979 3020 3155 3261 3298 3390 3449 3455 3463 3493 3524 3528 3593 3645 3798 4005 4026 4047 4049 4055 4061 4071 4076 4106 4133 4145 4158 4165 4266 4407 4470 4477 4593 4602 4665 4809 4816 4953 5149 5167 5171 5214 5273 5285 5394 5412 5471 5474 5598 5660 5727 5879 5954 5985 6079 6156 6197 6201 6337 6338 6344 6357 6406 6451 6461 6492 6493 6515 6531 6588 6657 6744 6914 7011 7071 7161 7174 7313 7375 7455 7499 7545 7879 7918 7937 8029 8069 8098 8421 8563 8585 8588 8592 8613 8621 8661 8662 8664 8670 8714 8755 8820 8895 8943 8964 9022 9069 9076 9170 9328 9436 9465 9509 9554 9667 9689 9733 9782 9784 9841 9848 9866 9975 9978 10078 10114 10124 10168 10228 10246 10268 10306 10355 10375 10403 10406 10455 10505 10537 10627 10636 10721 10780 10905 11000 11076 11118 11179 11232 11459 11487 11490 11545 11580 11734 11843 12195 12208 12209 12325 12396 12417 12418 12490 12754 12768 12780 12815 12848 12872 13046 13244 13256 13266 13531 13949 14767
1 144 227 246 273 303 342 518 525 922 971 1197 1312 1388 1553 1579 1611 1616 1682 1942 1949 1967 2010 2061 2115 2118 2228 2251 2307 2375 2383 2448 2467 2511 2521 2554 2620 2697 2725 2775 2965 2979 3020 3155 3261 3298 3390 3449 3455 3463 3493 3524 3528 3593 3645 3798 4005 4026 4047 4049 4055 4061 4071 4076 4106 4133 4145 4158 4165 4266 4407 4470 4477 4593 4602 4665 4809 4816 4953 5149 5167 5171 5214 5273 5285 5394 5412 5471 5474 5598 5660 5727 5879 5954 5985 6079 6156 6197 6201 6337 6338 6344 6357 6406 6451 6461 6492 6493 6515 6531 6588 6657 6744 6914 7011 7071 7161 7174 7313 7375 7455 7499 7545 7879 7918 7937 8029 8069 8098 8421 8563 8585 8588 8592 8613 8621 8661 8662 8664 8670 8714 8755 8820 8895 8943 8964 9022 9069 9076 9170 9328 9436 9465 9509 9554 9667 9689 9733 9782 9784 9841 9848 9866 9975 9978 10078 10114 10124 10168 10228 10246 10268 10306 10355 10375 10403 10406 10455 10505 10537 10627 10636 10721 10780 10905 11000 11076 11118 11179 11232 11459 11487 11490 11545 11580 11734 11843 12195 12208 12209 12325 12396 12417 12418 12490 12754 12768 12780 12815 12848 12872 13046 13244 13256 13266 13531 13949 14767
1 144 227 246 273 303 342 518 525 922 971 1197 1312 1388 1553 1579 1611 1616 1682 1942 1949 1967 2010 2061 2115 2118 2228 2251 2307 2375 2383 2448 2467 2511 2521 2554 2620 2697 2725 2775 2965 2979 3020 3155 3261 3298 3390 3449 3455 3463 3493 3524 3528 3593 3645 3798 4005 4026 4047 4049 4055 4061 4071 4076 4106 4133 4145 4158 4165 4266 4407 4470 4477 4593 4602 4665 4809 4816 4953 5149 5167 5171 5214 5273 5285 5394 5412 5471 5474 5598 5660 5727 5879 5954 5985 6079 6156 6197 6201 6337 6338 6344 6357 6406 6451 6461 6492 6493 6515 6531 6588 6657 6744 6914 7011 7071 7161 7174 7313 7375 7455 7499 7545 7879 7918 7937 8029 8069 8098 8421 8563 8585 8588 8592 8613 8621 8661 8662 8664 8670 8714 8755 8820 8895 8943 8964 9022 9069 9076 9170 9328 9436 9465 9509 9554 9667 9689 9733 9782 9784 9841 9848 9866 9975 9978 10078 10114 10124 10168 10228 10246 10268 10306 10355 10375 10403 10406 10455 10505 10537 10627 10636 10721 10780 10905 11000 11076 11118 11179 11232 11459 11487 11490 11545 11580 11734 11843 12195 12208 12209 12325 12396 12417 12418 12490 12754 12768 12780 12815 12848 12872 13046 13244 13256 13266 13531 13949 14767
18 748 1153 1792 2922 3149 4005 4290 5888 10080 10553 10564 10565 11083 11746 12050 12337 13053
275 1889 2521 3190 3225 3310 4147 4470 4564 5168 5192 5258 5382 5491 5598 5880 6128 6407 6414 6493 7071 7311 7367 8326 8850 8961 8978 9450 9559 9903 9953 10014 10122 10403 10449 10471 10491 10505 10506 10584 10586 10613 10619 10742 10760 11224 11341 11462 11811 11843 12340 12355 12763 12813 13271 14418
1 275 1889 2521 3190 3225 3310 4147 4470 4564 5168 5192 5258 5382 5491 5598 5880 6128 6407 6414 6493 7071 7311 7367 8326 8850 8961 8978 9450 9559 9903 9953 10014 10122 10403 10449 10471 10491 10505 10506 10584 10586 10613 10619 10742 10760 11224 11341 11459 11462 11811 11843 11911 12340 12355 12763 12813 13271 13462 14418
3446 5126 7620
1 144 227 246 273 303 342 518 525 922 971 1197 1312 1388 1553 1579 1611 1616 1682 1942 1949 1967 2010 2061 2115 2118 2228 2251 2307 2375 2383 2448 2467 2511 2521 2554 2620 2697 2725 2775 2965 2979 3020 3155 3261 3298 3390 3449 3455 3463 3493 3524 3528 3593 3645 3798 4005 4026 4047 4049 4055 4061 4071 4076 4106 4133 4145 4158 4165 4266 4407 4470 4477 4593 4602 4665 4809 4816 4953 5149 5167 5171 5214 5273 5285 5394 5412 5471 5474 5598 5660 5727 5879 5954 5985 6079 6156 6197 6201 6337 6338 6344 6357 6406 6451 6461 6492 6493 6515 6531 6588 6657 6744 6914 7011 7071 7161 7174 7313 7375 7455 7499 7545 7879 7918 7937 8029 8069 8098 8421 8563 8585 8588 8592 8613 8621 8661 8662 8664 8670 8714 8755 8820 8895 8943 8964 9022 9069 9076 9170 9328 9436 9465 9509 9554 9667 9689 9733 9782 9784 9841 9848 9866 9975 9978 10078 10114 10124 10168 10228 10246 10268 10306 10355 10375 10403 10406 10455 10505 10537 10627 10636 10721 10780 10905 11000 11076 11118 11179 11232 11459 11487 11490 11545 11580 11734 11843 12195 12208 12209 12325 12396 12417 12418 12490 12754 12768 12780 12815 12848 12872 13046 13244 13256 13266 13531 13949 14767
1 11459 11911 13462
1 11459 11911 13462