
queries 1 : 1 11459 11911 13462
queries 2 : 1
queries 3 : 1 275 1889 2521 3190 3225 3310 4147 4470 4564 5168 5192 5258 5382 5491 5598 11459 11911 13462
queries 4 : 1

queries 6 : 275 1889 2521 3190 3225 3310 4147 4470 4564 5168 5192 5258 5382 5491 5598 5880 6128 6407 6414 6493 7071 7311 7367 8326 8850 8961 8978 9450 9559 9903 9953 10014 10122 10403 10449 10471 10491 10505 10506 10584 10586 10613 10619 10742 10760 11224 11341 11462 11811 11843 12340 12355 12763 12813 13271 14418
queries 7 : 18 153 256 748 868 1153 1421 1724 1792 2491 2512 2922 2922 3149 3222 3931 4005 4049 4081 4290 5190 5338 5827 5888 6083 7111 10080 10445 10553 10555 10564 10565 10565 11007 11083 11746 12050 12195 12281 12337 13053 13092 13114

queries 9 : 18 748 1153 1792 2922 3149 4005 4290 5888 10080 10553 10564 10565 11083 11746 12050 12337 13053

queries 11 : 2012 2500 2746 2833 2965 2973 3048 3048 4026 4040 4314 4465 4552 4833 5057 5270 5376 5561 5985 6086 6209 6511 6876 6926 7263 7355 8135 8240 8599 8599 8603 8725 8820 9055 9315 9848 10830 10905 11717 12971 13046 13115 13225 13261 14293
queries 12 : 1 144 227 246 273 303 342 518 525 922 971 1197 1312 1388 1553 1579 1611 1616 1682 1942 1949 1967 2010 2061 2115 2118 2228 2251 2307 2375 2383 2448 2467 2511 2521 2554 2620 2697 2725 2775 2965 2979 3020 3155 3261 3298 3390 3449 3455 3463 3493 3524 3528 3593 3645 3798 4005 4026 4047 4049 4055 4061 4071 4076 4106 4133 4145 4158 4165 4266 4407 4470 4477 4593 4602 4665 4809 4816 4953 5149 5167 5171 5214 5273 5285 5394 5412 5471 5474 5598 5660 5727 5879 5954 5985 6079 6156 6197 6201 6337 6338 6344 6357 6406 6451 6461 6492 6493 6515 6531 6588 6657 6744 6914 7011 7071 7161 7174 7313 7375 7455 7499 7545 7879 7918 7937 8029 8069 8098 8421 8563 8585 8588 8592 8613 8621 8661 8662 8664 8670 8714 8755 8820 8895 8943 8964 9022 9069 9076 9170 9328 9436 9465 9509 9554 9667 9689 9733 9782 9784 9841 9848 9866 9975 9978 10078 10114 10124 10168 10228 10246 10268 10306 10355 10375 10403 10406 10455 10505 10537 10627 10636 10721 10780 10905 11000 11076 11118 11179 11232 11459 11487 11490 11545 11580 11734 11843 12195 12208 12209 12325 12396 12417 12418 12490 12754 12768 12780 12815 12848 12872 13046 13244 13256 13266 13531 13949 14767
queries 13 : 1 144 227 246 273 303 342 518 525 922 971 1197 1312 1388 1553 1579 1611 1616 1682 1942 1949 1967 2010 2061 2115 2118 2228 2251 2307 2375 2383 2448 2467 2511 2521 2554 2620 2697 2725 2775 2965 2979 3020 3155 3261 3298 3390 3449 3455 3463 3493 3524 3528 3593 3645 3798 4005 4026 4047 4049 4055 4061 4071 4076 4106 4133 4145 4158 4165 4266 4407 4470 4477 4593 4602 4665 4809 4816 4953 5149 5167 5171 5214 5273 5285 5394 5412 5471 5474 5598 5660 5727 5879 5954 5985 6079 6156 6197 6201 6337 6338 6344 6357 6406 6451 6461 6492 6493 6515 6531 6588 6657 6744 6914 7011 7071 7161 7174 7313 7375 7455 7499 7545 7879 7918 7937 8029 8069 8098 8421 8563 8585 8588 8592 8613 8621 8661 8662 8664 8670 8714 8755 8820 8895 8943 8964 9022 9069 9076 9170 9328 9436 9465 9509 9554 9667 9689 9733 9782 9784 9841 9848 9866 9975 9978 10078 10114 10124 10168 10228 10246 10268 10306 10355 10375 10403 10406 10455 10505 10537 10627 10636 10721 10780 10905 11000 11076 11118 11179 11232 11459 11487 11490 11545 11580 11734 11843 12195 12208 12209 12325 12396 12417 12418 12490 12754 12768 12780 12815 12848 12872 13046 13244 13256 13266 13531 13949 14767
queries 14 : 1 144 227 246 273 303 342 518 525 922 971 1197 1312 1388 1553 1579 1611 1616 1682 1942 1949 1967 2010 2061 2115 2118 2228 2251 2307 2375 2383 2448 2467 2511 2521 2554 2620 2697 2725 2775 2965 2979 3020 3155 3261 3298 3390 3449 3455 3463 3493 3524 3528 3593 3645 3798 4005 4026 4047 4049 4055 4061 4071 4076 4106 4133 4145 4158 4165 4266 4407 4470 4477 4593 4602 4665 4809 4816 4953 5149 5167 5171 5214 5273 5285 5394 5412 5471 5474 5598 5660 5727 5879 5954 5985 6079 6156 6197 6201 6337 6338 6344 6357 6406 6451 6461 6492 6493 6515 6531 6588 6657 6744 6914 7011 7071 7161 7174 7313 7375 7455 7499 7545 7879 7918 7937 8029 8069 8098 8421 8563 8585 8588 8592 8613 8621 8661 8662 8664 8670 8714 8755 8820 8895 8943 8964 9022 9069 9076 9170 9328 9436 9465 9509 9554 9667 9689 9733 9782 9784 9841 9848 9866 9975 9978 10078 10114 10124 10168 10228 10246 10268 10306 10355 10375 10403 10406 10455 10505 10537 10627 10636 10721 10780 10905 11000 11076 11118 11179 11232 11459 11487 11490 11545 11580 11734 11843 12195 12208 12209 12325 12396 12417 12418 12490 12754 12768 12780 12815 12848 12872 13046 13244 13256 13266 13531 13949 14767
queries 15 : 18 748 1153 1792 2922 3149 4005 4290 5888 10080 10553 10564 10565 11083 11746 12050 12337 13053

queries 17 : 1 11459 11911 13462
queries 18 : 3446 3762 4573 4603 4625 4692 4692 5126 6058 6657 7066 7499 7620 8497 9680 11225 11711 12447 14207
queries 19 : 5 10 11 13 14 22 24 36 38 41 50 53 59 65 66 68 71 74 75 83 85 86 87 89 93 98 99 101 102 103 106 108 126 128 129 132 133 138 139 140 142 143 146 147 151 152 160 162 163 164 165 166 168 169 183 189 191 194 196 201 202 210 216 229 281 283 290 299 320 332 338 343 376 378 383 387 388 392 396 399 400 405 406 407 410 417 424 436 438 439 440 442 455 456 459 461 466 475 480 483 484 489 494 497 502 506 508 509 511 512 513 514 517 519 521 522 528 529 531 533 534 535 536 538 539 541 546 548 553 554 557 559 560 682 686 687 689 690 691 692 693 695 698 699 700 701 702 707 709 712 722 728 734 735 739 743 745 756 758 764 767 773 776 778 780 781 783 811 818 828 837 846 848 859 865 866 872 879 883 884 885 886 899 900 901 920 934 941 944 949 958 968 976 981 985 1000 1003 1007 1009 1010 1013 1015 1016 1017 1029 1032 1033 1049 1050 1057 1058 1065 1066 1070 1071 1087 1090 1091 1096 1108 1109 1111 1117 1120 1122 1124 1125 1128 1134 1135 1143 1148 1151 1157 1160 1164 1167 1169 1170 1176 1177 1181 1182 1185 1191 1203 1205 1216 1225 1229 1234 1244 1245 1258 1264 1265 1268 1271 1284 1285 1287 1288 1293 1298 1311 1317 1320 1322 1324 1327 1328 1331 1341 1342 1344 1345 1351 1355 1359 1363 1364 1378 1381 1382 1384 1394 1395 1396 1404 1420 1425 1427 1435 1436 1438 1445 1446 1449 1452 1460 1467 1469 1471 1488 1493 1494 1508 1514 1521 1524 1526 1527 1528 1529 1532 1536 1541 1545 1546 1554 1555 1564 1566 1567 1568 1569 1571 1584 1586 1598 1608 1622 1631 1638 1639 1644 1648 1650 1651 1653 1655 1659 1666 1677 1678 1688 1708 1714 1719 1722 1727 1740 1747 1752 1758 1759 1763 1764 1767 1769 1783 1787 1794 1797 1798 1799 1803 1814 1820 1824 1832 1837 1839 1843 1845 1846 1847 1849 1851 1853 1855 1861 1871 1872 1873 1875 1877 1898 1924 1934 1952 1961 1966 1980 1982 1983 1987 1989 2004 2005 2016 2020 2022 2027 2033 2035 2042 2044 2047 2049 2065 2067 2079 2089 2092 2095 2098 2099 2101 2102 2109 2122 2133 2136 2137 2148 2149 2151 2153 2154 2157 2159 2163 2166 2167 2169 2171 2172 2174 2176 2178 2181 2182 2183 2187 2188 2191 2194 2205 2206 2207 2211 2213 2216 2217 2220 2230 2232 2234 2236 2237 2238 2239 2240 2249 2252 2253 2264 2266 2270 2275 2279 2290 2291 2297 2298 2308 2320 2322 2327 2332 2333 2336 2337 2338 2339 2340 2344 2346 2347 2348 2353 2358 2377 2379 2380 2386 2391 2396 2397 2398 2402 2409 2420 2425 2429 2433 2434 2437 2458 2459 2460 2476 2478 2479 2482 2483 2484 2488 2490 2494 2496 2497 2504 2518 2519 2532 2548 2549 2559 2561 2562 2564 2569 2572 2577 2579 2582 2583 2584 2585 2587 2590 2591 2593 2595 2599 2601 2604 2608 2609 2613 2619 2630 2634 2649 2664 2666 2672 2674 2678 2683 2688 2693 2699 2700 2708 2711 2723 2737 2747 2750 2751 2752 2754 2761 2771 2772 2773 2779 2784 2787 2789 2793 2794 2798 2801 2809 2810 2811 2820 2825 2826 2834 2836 2839 2847 2849 2850 2856 2857 2862 2866 2867 2873 2877 2886 2896 2902 2907 2908 2909 2915 2918 2920 2926 2927 2928 2929 2939 2940 2946 2950 2952 2957 2960 2961 2962 2963 3006 3008 3025 3037 3041 3042 3046 3057 3060 3061 3067 3074 3076 3083 3085 3087 3088 3092 3096 3098 3109 3114 3125 3129 3134 3146 3153 3154 3157 3159 3162 3164 3166 3169 3176 3186 3189 3191 3216 3222 3223 3229 3235 3247 3253 3254 3256 3264 3266 3290 3295 3303 3305 3315 3322 3327 3333 3342 3343 3347 3349 3354 3356 3358 3359 3363 3365 3370 3377 3378 3382 3384 3386 3389 3395 3406 3419 3448 3458 3461 3473 3474 3476 3481 3499 3504 3517 3526 3538 3570 3573 3575 3577 3579 3582 3586 3591 3595 3598 3601 3604 3605 3610 3611 3612 3616 3620 3624 3625 3626 3629 3631 3633 3637 3647 3649 3651 3667 3668 3674 3676 3680 3695 3697 3702 3704 3711 3713 3721 3729 3730 3735 3737 3738 3741 3742 3750 3751 3755 3757 3760 3763 3764 3765 3766 3771 3772 3774 3782 3784 3786 3788 3800 3801 3808 3831 3838 3840 3850 3851 3853 3856 3858 3860 3867 3872 3874 3875 3881 3888 3894 3895 3897 3905 3912 3913 3916 3917 3922 3944 3954 3955 3959 3964 3968 3970 3971 3976 3977 3983 3985 3989 3994 3996 4015 4021 4025 4028 4032 4033 4051 4062 4065 4087 4089 4092 4094 4099 4105 4114 4131 4135 4141 4142 4144 4148 4149 4155 4157 4159 4164 4171 4175 4176 4177 4178 4184 4185 4188 4189 4192 4193 4194 4206 4210 4216 4218 4219 4220 4228 4235 4239 4240 4241 4245 4257 4258 4261 4273 4276 4278 4279 4280 4282 4284 4285 4288 4292 4293 4296 4298 4301 4302 4305 4313 4327 4331 4333 4337 4341 4344 4345 4349 4351 4357 4358 4361 4370 4376 4378 4380 4384 4385 4386 4387 4388 4389 4397 4398 4399 4404 4409 4410 4412 4420 4433 4434 4437 4438 4439 4440 4445 4446 4449 4451 4453 4454 4455 4457 4460 4462 4466 4468 4472 4473 4474 4476 4480 4481 4483 4484 4486 4499 4504 4505 4509 4517 4521 4523 4536 4554 4558 4560 4562 4574 4577 4578 4579 4581 4584 4586 4591 4592 4610 4615 4620 4635 4644 4649 4652 4656 4657 4658 4675 4681 4698 4729 4745 4755 4758 4759 4761 4763 4765 4768 4770 4773 4775 4776 4779 4780 4782 4788 4796 4797 4798 4803 4805 4814 4819 4820 4821 4822 4827 4829 4831 4832 4833 4843 4850 4889 4892 4900 4901 4903 4904 4911 4920 4925 4934 4952 4954 4956 4959 4960 4990 4991 4998 4999 5009 5012 5013 5017 5018 5021 5029 5031 5034 5043 5044 5046 5048 5050 5051 5053 5054 5055 5058 5068 5072 5078 5081 5082 5083 5084 5085 5086 5089 5090 5091 5092 5095 5100 5105 5112 5121 5128 5142 5148 5166 5188 5191 5204 5237 5251 5254 5257 5264 5283 5284 5297 5300 5308 5312 5313 5314 5316 5320 5329 5332 5333 5336 5342 5344 5346 5349 5350 5354 5355 5358 5360 5362 5367 5373 5378 5402 5407 5414 5415 5416 5417 5421 5431 5434 5438 5439 5440 5444 5451 5461 5464 5469 5470 5476 5483 5487 5490 5491 5492 5494 5495 5496 5498 5499 5501 5502 5506 5522 5528 5530 5531 5532 5533 5535 5538 5540 5543 5545 5546 5549 5555 5556 5565 5566 5568 5571 5572 5575 5582 5592 5593 5594 5595 5600 5602 5603 5604 5611 5617 5624 5627 5629 5632 5634 5637 5650 5652 5654 5657 5658 5659 5662 5663 5664 5665 5669 5677 5678 5679 5680 5682 5687 5694 5701 5707 5713 5715 5716 5720 5721 5722 5723 5725 5729 5731 5738 5744 5749 5754 5758 5764 5768 5803 5814 5815 5836 5838 5845 5854 5883 5898 5901 5906 5911 5912 5913 5914 5915 5922 5925 5926 5930 5931 5932 5933 5935 5938 5946 5949 5950 5951 5958 5960 5968 5975 5976 5977 5982 5984 5991 5993 5994 6003 6005 6010 6013 6017 6018 6020 6026 6027 6033 6041 6042 6043 6044 6046 6048 6051 6055 6069 6078 6084 6088 6094 6102 6104 6106 6107 6115 6120 6123 6127 6129 6130 6134 6135 6147 6149 6154 6155 6159 6172 6173 6175 6176 6178 6184 6185 6186 6188 6198 6204 6205 6211 6221 6222 6227 6231 6232 6233 6236 6239 6240 6242 6243 6244 6252 6257 6273 6275 6279 6280 6283 6294 6295 6297 6298 6299 6305 6306 6311 6312 6313 6315 6323 6324 6333 6339 6341 6342 6349 6355 6356 6358 6364 6365 6366 6372 6386 6394 6405 6407 6412 6414 6420 6437 6440 6445 6449 6454 6455 6456 6457 6458 6459 6460 6474 6475 6478 6484 6485 6488 6491 6495 6496 6499 6500 6502 6504 6505 6506 6507 6509 6514 6520 6523 6524 6527 6528 6529 6532 6533 6534 6535 6537 6538 6540 6542 6552 6556 6561 6562 6568 6572 6573 6575 6577 6583 6584 6585 6591 6597 6601 6607 6609 6611 6616 6620 6629 6636 6641 6642 6647 6650 6654 6659 6661 6666 6668 6669 6673 6674 6679 6680 6681 6683 6684 6686 6687 6696 6701 6705 6709 6710 6711 6713 6723 6729 6730 6733 6734 6735 6743 6746 6747 6751 6759 6761 6765 6773 6774 6776 6777 6779 6783 6785 6790 6799 6809 6810 6813 6814 6827 6828 6830 6831 6841 6848 6850 6852 6855 6859 6860 6861 6862 6864 6865 6871 6875 6880 6881 6884 6888 6894 6898 6909 6917 6931 6942 6969 6972 6983 6986 6993 6999 7000 7004 7007 7008 7010 7039 7045 7052 7057 7064 7068 7072 7074 7077 7078 7079 7087 7090 7092 7096 7101 7106 7110 7113 7117 7120 7123 7132 7133 7139 7141 7146 7148 7149 7152 7157 7160 7166 7184 7188 7189 7190 7191 7192 7193 7199 7204 7205 7207 7208 7209 7215 7225 7226 7229 7235 7244 7245 7250 7253 7256 7261 7272 7275 7276 7277 7278 7279 7286 7296 7297 7302 7305 7311 7314 7317 7320 7321 7329 7330 7331 7337 7338 7339 7346 7353 7354 7359 7362 7363 7370 7385 7387 7388 7389 7390 7398 7404 7406 7410 7413 7432 7439 7441 7442 7444 7449 7459 7462 7464 7468 7472 7474 7476 7483 7487 7491 7495 7497 7498 7505 7508 7517 7518 7519 7520 7528 7529 7541 7544 7559 7564 7569 7574 7580 7602 7611 7620 7621 7622 7636 7638 7641 7657 7673 7676 7682 7686 7690 7694 7696 7698 7702 7707 7709 7725 7726 7728 7730 7732 7734 7735 7737 7738 7743 7744 7746 7757 7761 7764 7766 7768 7769 7773 7774 7776 7782 7784 7785 7789 7790 7795 7805 7817 7819 7821 7826 7828 7835 7836 7837 7838 7840 7843 7845 7850 7851 7854 7857 7858 7860 7861 7869 7878 7880 7881 7884 7887 7891 7894 7895 7913 7914 7920 7921 7922 7930 7935 7942 7943 7948 7949 7953 7954 7955 7956 7958 7963 7967 7969 7970 7974 7975 7979 7984 7987 7990 7991 7993 7994 8001 8002 8005 8007 8011 8016 8017 8021 8025 8026 8027 8028 8030 8036 8040 8047 8048 8056 8120 8123 8125 8144 8145 8155 8159 8169 8180 8197 8214 8218 8219 8221 8223 8226 8227 8236 8245 8253 8254 8259 8264 8269 8270 8279 8286 8287 8289 8296 8297 8300 8302 8313 8317 8318 8320 8322 8334 8335 8338 8339 8340 8343 8344 8350 8361 8364 8366 8367 8368 8378 8387 8388 8391 8394 8399 8401 8402 8407 8409 8424 8425 8426 8428 8429 8433 8447 8448 8454 8457 8458 8467 8481 8487 8488 8490 8491 8497 8513 8514 8520 8521 8528 8530 8533 8534 8536 8540 8545 8547 8555 8556 8559 8562 8577 8580 8582 8584 8586 8587 8590 8605 8609 8611 8612 8614 8616 8617 8619 8643 8644 8665 8668 8701 8702 8709 8717 8722 8724 8730 8731 8733 8736 8738 8740 8742 8745 8750 8758 8760 8767 8768 8777 8778 8781 8784 8785 8788 8791 8793 8794 8795 8797 8808 8810 8812 8814 8822 8826 8836 8837 8849 8858 8859 8865 8868 8879 8893 8908 8911 8912 8915 8916 8918 8925 8928 8930 8946 8947 8965 8968 8969 8970 8972 8975 8979 8981 8983 8985 8987 8995 8996 8997 9003 9018 9020 9029 9030 9034 9039 9040 9041 9044 9049 9054 9056 9064 9066 9067 9068 9073 9074 9091 9093 9094 9095 9100 9101 9103 9108 9111 9113 9115 9116 9117 9118 9120 9128 9131 9132 9137 9147 9152 9159 9162 9164 9177 9187 9189 9197 9214 9228 9237 9239 9240 9250 9255 9260 9264 9266 9267 9268 9270 9274 9278 9280 9282 9284 9287 9301 9304 9306 9308 9311 9312 9313 9316 9324 9326 9330 9335 9338 9339 9346 9354 9357 9365 9366 9369 9372 9374 9377 9385 9389 9397 9399 9413 9417 9422 9425 9426 9428 9429 9431 9435 9438 9441 9444 9463 9469 9475 9477 9478 9486 9491 9493 9499 9503 9505 9511 9519 9527 9530 9531 9534 9547 9556 9558 9565 9566 9572 9573 9576 9577 9578 9580 9585 9587 9588 9597 9598 9599 9605 9606 9610 9611 9612 9613 9614 9619 9625 9626 9635 9640 9644 9647 9652 9671 9677 9678 9682 9686 9698 9699 9705 9723 9727 9731 9735 9737 9741 9744 9747 9748 9768 9772 9773 9781 9783 9807 9809 9815 9824 9825 9837 9850 9851 9852 9857 9860 9862 9865 9867 9875 9878 9896 9901 9902 9904 9930 9934 9936 9939 9941 9943 9958 9961 9963 9964 9970 9972 9973 9985 9988 9989 9992 9993 9994 9995 10002 10008 10014 10015 10018 10023 10027 10032 10035 10037 10040 10042 10050 10052 10053 10061 10064 10065 10068 10074 10075 10076 10085 10088 10089 10092 10098 10099 10108 10115 10119 10130 10136 10151 10158 10162 10165 10171 10174 10181 10185 10186 10196 10201 10208 10211 10215 10231 10235 10237 10238 10240 10242 10243 10253 10254 10260 10263 10277 10280 10281 10282 10283 10284 10294 10295 10305 10319 10323 10330 10338 10348 10349 10362 10368 10370 10387 10390 10393 10394 10397 10399 10401 10412 10418 10423 10427 10429 10431 10432 10439 10446 10449 10454 10459 10464 10467 10471 10478 10484 10489 10491 10499 10500 10503 10506 10518 10524 10529 10530 10532 10534 10536 10538 10542 10544 10547 10556 10559 10561 10564 10565 10566 10573 10576 10584 10585 10590 10597 10598 10601 10609 10610 10611 10612 10634 10644 10650 10651 10657 10658 10669 10681 10685 10692 10699 10709 10731 10750 10787 10803 10805 10815 10822 10832 10839 10844 10848 10851 10853 10855 10857 10859 10864 10870 10871 10879 10884 10885 10891 10909 10913 10917 10919 10921 10923 10924 10925 10926 10943 10946 10950 10963 10964 10966 10971 10972 10983 10999 11006 11018 11019 11027 11028 11034 11035 11036 11039 11047 11049 11051 11057 11058 11060 11066 11070 11085 11090 11093 11098 11100 11109 11112 11115 11121 11127 11128 11132 11133 11139 11153 11154 11156 11158 11162 11164 11166 11168 11201 11221 11227 11228 11229 11233 11274 11277 11282 11283 11289 11295 11300 11301 11307 11308 11317 11320 11336 11338 11340 11354 11371 11378 11384 11387 11393 11394 11399 11402 11405 11407 11415 11417 11420 11421 11422 11425 11428 11429 11433 11437 11440 11441 11443 11445 11446 11452 11468 11469 11470 11476 11478 11479 11481 11488 11494 11496 11499 11500 11501 11503 11505 11506 11523 11527 11528 11529 11540 11543 11544 11549 11550 11553 11554 11564 11565 11568 11570 11571 11572 11578 11584 11588 11607 11608 11609 11610 11612 11614 11621 11622 11628 11629 11630 11633 11634 11635 11636 11644 11645 11657 11660 11664 11665 11666 11668 11682 11683 11684 11687 11689 11690 11696 11697 11699 11700 11701 11702 11716 11724 11727 11729 11731 11733 11736 11750 11754 11756 11758 11762 11764 11767 11772 11787 11790 11802 11812 11821 11825 11834 11836 11850 11856 11859 11862 11864 11871 11877 11878 11879 11888 11892 11896 11903 11904 11905 11907 11908 11909 11911 11913 11915 11923 11930 11934 11936 11938 11939 11940 11941 11944 11945 11947 11960 11966 11967 11970 11976 11977 11978 11980 11989 11993 11994 11997 12001 12008 12010 12014 12016 12017 12018 12019 12022 12024 12028 12032 12033 12035 12036 12040 12042 12045 12046 12049 12053 12054 12061 12063 12064 12067 12078 12079 12081 12091 12098 12102 12110 12112 12115 12119 12131 12138 12139 12140 12150 12154 12155 12161 12162 12163 12164 12169 12172 12174 12176 12177 12182 12183 12184 12185 12187 12204 12207 12211 12213 12215 12219 12222 12223 12226 12227 12229 12231 12235 12239 12243 12246 12251 12255 12258 12260 12266 12267 12269 12271 12274 12275 12283 12285 12286 12288 12293 12294 12296 12301 12302 12303 12304 12306 12309 12312 12313 12316 12321 12327 12333 12334 12336 12338 12341 12350 12352 12353 12356 12362 12364 12366 12371 12374 12375 12379 12380 12382 12386 12391 12403 12408 12410 12411 12421 12425 12437 12448 12455 12483 12495 12500 12505 12506 12508 12509 12511 12514 12516 12520 12522 12523 12525 12530 12538 12540 12543 12545 12549 12558 12569 12570 12571 12572 12579 12580 12583 12588 12592 12593 12748 12753 12757 12760 12783 12785 12786 12795 12796 12805 12812 12817 12839 12840 12846 12849 12852 12860 12862 12869 12877 12880 12882 12888 12891 12893 12897 12898 12904 12908 12910 12912 12914 12915 12919 12929 12949 12974 12978 12988 12992 12996 13003 13005 13006 13011 13014 13026 13027 13031 13032 13041 13059 13064 13078 13092 13093 13094 13096 13097 13103 13110 13113 13114 13118 13120 13122 13126 13129 13131 13138 13148 13158 13163 13165 13175 13188 13191 13195 13199 13201 13203 13204 13210 13214 13223 13224 13230 13242 13255 13262 13272 13317 13336 13393 13398 13435 13468 13512 13615 13660 13688 13694 13695 13704 13710 13717 13744 13775 13795 13836 13842 13889 13890 13919 14012 14028 14034 14091 14093 14103 14150 14156 14166 14168 14177 14178 14180 14182 14214 14263 14285 14293 14300 14316 14360 14376 14388 14402 14417 14469 14476 14499 14504 14506 14516 14517 14524 14525 14539 14540 14545 14547 14549 14550 14551 14563 14569 14586 14619 14622 14630 14646 14655 14682 14686 14688 14701 14704 14709 14715 14718 14722 14729 14751 14752 14755 14761 14777 14805
queries 20 : 1 11459 11911 13462
queries 21 : 1 11459 11911 13462
